   0.00000000    
   0.00000000    
   0.00000000    
   0.00000000    
   0.00000000    
   0.00000000    
   0.00000000    
   0.00000000    
   0.00000000    
   132.000000    
   0.00000000    
   142.000000    
   180.000000    
   184.000000    
   198.000000    
   208.000000    
   220.000000    
   214.000000    
   214.000000    
   230.000000    
   220.000000    
   220.000000    
   222.000000    
   294.000000    
   0.00000000    
   0.00000000    
   0.00000000    
   0.00000000    
   0.00000000    
   0.00000000    
   0.00000000    
